Тривиальная (победная, если сократить) позиция:

8 7 6 5 4 3 2 1 0
8 7 6 5 4 3 2 1 0
8 7 6 5 4 3 2 1 0
8 7 6 5 4 3 2 1 0
8 7 6 5 4 3 2 1 0
8 7 6 5 4 3 2 1 0
8 7 6 5 4 3 2 1 0
8 7 6 5 4 3 2 1 0


Неразрешимая позиция:

8 7 6 5 4 3 2 0 1
8 7 6 5 4 3 2 0 1
8 7 6 5 4 3 2 0 1
8 7 6 5 4 3 2 0 1
8 7 6 5 4 3 2 0 1
8 7 6 5 4 3 2 0 1
8 7 6 5 4 3 2 0 1
8 7 6 5 4 3 2 0 1


Чуть более сложная разрешимая позиция:

8 7 6 5 4 3 2 0 1
8 7 6 5 4 3 2 1 0
8 7 6 5 4 3 2 1 0
8 7 6 5 4 3 2 1 0
8 7 6 5 4 3 2 1 0
8 7 6 5 4 3 2 1 0
8 7 6 5 4 3 2 1 0
8 7 6 5 4 3 2 1 0


Ещё чуть более сложная разрешимая позиция:

8 7 6 5 4 3 2 0 1
8 7 6 5 4 3 0 1 2
8 7 6 5 4 0 1 2 3
8 7 6 5 4 3 2 1 0
8 7 6 5 4 3 2 1 0
8 7 6 5 4 3 2 1 0
8 7 6 5 4 3 2 1 0
8 7 6 5 4 3 2 1 0

(на ней мы можем видеть неоптимальность эвристики - лишнее перекладывание обратно ¯\_(ツ)_/¯)


Случайная позиция:

7 3 2 1 5 0 8 6 4
2 3 6 5 0 4 1 7 8
4 3 8 0 1 2 6 7 5
3 4 7 0 8 2 1 5 6
3 2 1 4 5 0 8 7 6
1 6 4 2 8 0 7 3 5
3 1 7 2 8 0 6 5 4
1 5 2 0 4 6 7 8 3

(решается очень долго)


Случайная позиция, но половина куч "хорошие" (пустые):

7 3 2 1 5 0 8 6 4
2 3 6 5 0 4 1 7 8
4 3 8 0 1 2 6 7 5
3 4 7 0 8 2 1 5 6
8 7 6 5 4 3 2 1 0
8 7 6 5 4 3 2 1 0
8 7 6 5 4 3 2 1 0
8 7 6 5 4 3 2 1 0
